100 150
1 43
1 63
2 49
2 68
3 69
4 25
6 27
7 74
8 75
9 12
9 19
9 71
10 24
10 42
10 70
11 27
11 35
11 92
12 37
13 9
15 90
16 36
17 38
18 7
19 33
19 61
19 89
22 46
22 87
23 59
24 7
24 44
24 70
24 93
24 98
25 26
25 30
25 63
25 82
28 9
29 2
29 33
30 77
31 84
32 30
32 50
33 52
33 86
33 91
34 35
35 25
35 100
36 64
36 76
37 1
37 67
38 81
38 93
39 13
39 25
39 57
40 4
40 47
41 14
41 44
41 73
41 75
42 61
42 75
43 17
43 46
43 51
44 13
44 20
44 26
44 45
45 63
46 28
46 45
47 56
49 10
49 50
49 87
49 90
50 88
50 95
51 10
51 12
51 61
51 87
52 11
52 18
52 22
53 34
54 39
54 57
56 37
56 41
56 65
57 82
58 30
58 46
58 64
61 9
61 15
62 69
63 29
63 69
65 88
65 99
66 49
67 19
67 29
68 83
68 97
69 93
70 56
70 62
71 48
72 6
72 23
72 91
73 59
74 87
75 67
77 79
79 80
80 17
81 10
81 69
81 75
81 97
82 34
82 35
82 86
84 14
84 16
84 32
86 90
87 10
89 99
92 49
93 59
95 57
95 66
95 97
96 44
99 25
99 31
100 47
